Multiple size <= 100
TEST 1 ARG:43 76 24 50 39 89 37 84 81 7 33 30 93 80 87 35 46 34 82 92 1 90 96 75 10 69 27 62 74 54 42 0 58 98 15 73 3 17 48 28 70 97 85 71 36 2 32 23 25 4 38 94 19 21 9 86 79 55 16 72 45 66 59 31 11 29 56 5 18 6 68 77 95 8 88 22 51 49 60 64 26 41 20 83 65 99 47 78 63 67 57 91 14 13 52 44 53 12 40 61
TEST 1 ARG:43 76 24 50 39 89 37 84 81 7 33 30 93 80 87 35 46 34 82 92 1 90 96 75 10 69 27 62 74 54 42 0 58 98 15 73 3 17 48 28 70 97 85 71 36 2 32 23 25 4 38 94 19 21 9 86 79 55 16 72 45 66 59 31 11 29 56 5 18 6 68 77 95 8 88 22 51 49 60 64 26 41 20 83 65 99 47 78 63 67 57 91 14 13 52 44 53 12 40 61
TEST 2 ARG:2 64 14 22 37 77 52 78 44 21 1 35 8 13 58 86 51 36 98 26 47 95 60 31 91 9 63 34 93 41 72 46 23 65 24 38 89 10 82 42 90 57 43 17 70 92 99 40 68 74 96 69 29 59 81 84 32 11 80 55 0 20 28 25 49 18 27 97 3 73 83 62 71 56 75 50 48 16 7 45 4 85 87 5 88 30 15 61 53 79 94 19 54 67 6 76 33 39 66 12
TEST 2 ARG:2 64 14 22 37 77 52 78 44 21 1 35 8 13 58 86 51 36 98 26 47 95 60 31 91 9 63 34 93 41 72 46 23 65 24 38 89 10 82 42 90 57 43 17 70 92 99 40 68 74 96 69 29 59 81 84 32 11 80 55 0 20 28 25 49 18 27 97 3 73 83 62 71 56 75 50 48 16 7 45 4 85 87 5 88 30 15 61 53 79 94 19 54 67 6 76 33 39 66 12
TEST 3 ARG:98 94 51 62 75 93 58 69 46 78 57 66 19 79 49 95 38 81 96 89 24 12 15 11 3 37 13 65 55 82 32 47 41 56 30 10 90 42 26 54 1 27 64 44 68 40 16 67 43 17 33 73 76 34 9 20 28 77 72 86 74 35 71 23 22 52 88 8 7 83 6 91 60 39 48 50 45 80 21 31 97 85 61 2 87 14 53 70 92 25 84 36 0 18 59 4 29 99 63 5
TEST 3 ARG:98 94 51 62 75 93 58 69 46 78 57 66 19 79 49 95 38 81 96 89 24 12 15 11 3 37 13 65 55 82 32 47 41 56 30 10 90 42 26 54 1 27 64 44 68 40 16 67 43 17 33 73 76 34 9 20 28 77 72 86 74 35 71 23 22 52 88 8 7 83 6 91 60 39 48 50 45 80 21 31 97 85 61 2 87 14 53 70 92 25 84 36 0 18 59 4 29 99 63 5
TEST 4 ARG:32 62 56 82 97 21 78 63 40 88 18 55 71 7 73 3 11 85 4 72 75 64 47 94 46 30 80 87 17 68 33 99 90 39 25 69 8 6 65 43 86 20 77 53 10 81 66 83 67 35 14 45 15 26 79 0 34 44 2 57 27 74 58 42 24 89 49 38 51 13 37 9 98 41 76 22 29 61 93 84 50 31 54 60 36 1 95 16 52 23 70 5 59 48 96 28 92 91 12 19
TEST 4 ARG:32 62 56 82 97 21 78 63 40 88 18 55 71 7 73 3 11 85 4 72 75 64 47 94 46 30 80 87 17 68 33 99 90 39 25 69 8 6 65 43 86 20 77 53 10 81 66 83 67 35 14 45 15 26 79 0 34 44 2 57 27 74 58 42 24 89 49 38 51 13 37 9 98 41 76 22 29 61 93 84 50 31 54 60 36 1 95 16 52 23 70 5 59 48 96 28 92 91 12 19
TEST 5 ARG:36 52 75 26 89 94 41 13 55 38 67 79 7 9 48 54 60 78 77 16 15 70 30 0 43 66 99 40 84 32 34 68 83 24 90 14 69 3 6 47 4 86 46 11 17 5 22 57 45 88 12 91 37 20 23 96 51 53 58 35 25 80 56 85 42 74 73 71 72 44 28 8 19 33 95 82 61 76 87 10 31 39 50 63 18 1 2 59 97 49 65 27 62 98 29 21 93 64 92 81
TEST 5 ARG:36 52 75 26 89 94 41 13 55 38 67 79 7 9 48 54 60 78 77 16 15 70 30 0 43 66 99 40 84 32 34 68 83 24 90 14 69 3 6 47 4 86 46 11 17 5 22 57 45 88 12 91 37 20 23 96 51 53 58 35 25 80 56 85 42 74 73 71 72 44 28 8 19 33 95 82 61 76 87 10 31 39 50 63 18 1 2 59 97 49 65 27 62 98 29 21 93 64 92 81
TEST 6 ARG:56 57 76 7 94 96 84 55 86 63 9 23 17 89 1 78 30 47 98 35 61 91 36 48 66 27 4 33 26 15 82 43 39 72 21 73 10 32 38 0 20 37 70 5 41 46 53 97 31 8 40 83 85 44 60 77 71 45 54 24 99 2 68 90 11 34 14 42 29 79 69 13 80 3 88 93 50 51 74 59 19 87 22 12 75 65 52 18 67 16 92 6 64 95 49 62 58 25 81 28
TEST 6 ARG:56 57 76 7 94 96 84 55 86 63 9 23 17 89 1 78 30 47 98 35 61 91 36 48 66 27 4 33 26 15 82 43 39 72 21 73 10 32 38 0 20 37 70 5 41 46 53 97 31 8 40 83 85 44 60 77 71 45 54 24 99 2 68 90 11 34 14 42 29 79 69 13 80 3 88 93 50 51 74 59 19 87 22 12 75 65 52 18 67 16 92 6 64 95 49 62 58 25 81 28
TEST 7 ARG:68 84 98 49 60 91 52 35 69 11 78 12 33 73 22 24 40 88 36 25 63 86 16 54 56 71 53 82 43 42 62 6 32 79 67 0 5 31 44 21 51 65 18 85 41 58 15 95 50 13 30 66 17 47 81 19 87 28 83 14 96 4 70 94 27 74 39 10 77 92 76 99 64 37 9 61 57 93 72 38 45 2 26 55 23 48 46 34 97 90 29 89 1 59 20 75 7 8 80 3
TEST 7 ARG:68 84 98 49 60 91 52 35 69 11 78 12 33 73 22 24 40 88 36 25 63 86 16 54 56 71 53 82 43 42 62 6 32 79 67 0 5 31 44 21 51 65 18 85 41 58 15 95 50 13 30 66 17 47 81 19 87 28 83 14 96 4 70 94 27 74 39 10 77 92 76 99 64 37 9 61 57 93 72 38 45 2 26 55 23 48 46 34 97 90 29 89 1 59 20 75 7 8 80 3
